apcupsd=3.14.14-3.1
asterisk=1:16.12.0~dfsg-1
atftpd=0.7.git20120829-3.1
avahi-daemon=0.8-3ubuntu1
avahi-dnsconfd=0.8-3ubuntu1
bind9=1:9.16.6-3ubuntu1.1
busybox-syslogd=1:1.30.1-4ubuntu9.1
chrony=3.5.1-1ubuntu2
corosync=3.0.3-2ubuntu3
cups-browsed=1.28.5-0ubuntu1
freeradius=3.0.21+dfsg-1ubuntu2
glusterfs-common=8.1-1
gnustep-base-runtime=1.27.0-3build3
hplip=3.20.5+dfsg0-3build1
inetutils-syslogd=2:1.9.4-12
iodine=0.7.0-9
isc-dhcp-client-ddns=4.4.1-2.1ubuntu10
isc-dhcp-client=4.4.1-2.1ubuntu10
isc-dhcp-server-ldap=4.4.1-2.1ubuntu9
isc-dhcp-server=4.4.1-2.1ubuntu9
iwd=1.8-1
knot=2.9.5-1ubuntu1
krb5-admin-server=1.17-10ubuntu0.1
krb5-kdc=1.17-10ubuntu0.1
libreswan=3.32-3ubuntu2
memcached=1.6.6-3ubuntu1
minissdpd=1.5.20190824-1
network-manager=1.26.2-1ubuntu1
nfs-kernel-server=1:1.3.4-2.5ubuntu6
nsd=4.3.2-1
ntp=1:4.2.8p12+dfsg-3ubuntu4
ntpsec=1.1.9+dfsg1-2
openafs-fileserver=1.8.6-1ubuntu1
openbsd-inetd=0.20160825-5
openntpd=1:6.2p3-4
openvpn=2.4.9-3ubuntu1
pulseaudio=1:13.99.2-1ubuntu2.3
quagga-bgpd=1.2.4-4ubuntu1
quagga-core=1.2.4-4ubuntu1
quagga-ospf6d=1.2.4-4ubuntu1
quagga-ospfd=1.2.4-4ubuntu1
quagga-ripd=1.2.4-4ubuntu1
quagga-ripngd=1.2.4-4ubuntu1
rpcbind=1.2.5-9
rspamd=2.5-2ubuntu1
rsyslog=8.2006.0-2ubuntu1
rwhod=0.17-14
samba=2:4.12.5+dfsg-3ubuntu4.1
snmpd=5.8+dfsg-5ubuntu1
snmptrapd=5.8+dfsg-5ubuntu1
squid=4.13-1ubuntu2
squidclient=4.13-1ubuntu2
stubby=1.5.2-5
subversion=1.14.0-2
syncthing=1.10.0~ds1-1
syslog-ng-core=3.27.1-3build1
systemd-timesyncd=246.6-1ubuntu1.3
systemd=246.6-1ubuntu1.3
talkd=0.17-16
tftpd-hpa=5.2+20150808-1.1ubuntu1
tftpd=0.17-22ubuntu2
tor=0.4.4.5-1
ucspi-tcp-ipv6=1:0.88-6
ucspi-tcp=1:0.88-6
unbound=1.11.0-1
vpnc=0.5.3r550-3.1
wide-dhcpv6-client=20080615-22build1
wpasupplicant=2:2.9-1ubuntu8.2
xinetd=1:2.3.15.3-1
xl2tpd=1.3.12-1.1
